# Chunk-averaged data for fix DENSITYFIXK and group file
# Timestep Number-of-chunks Total-count
# Chunk Coord1 Ncount density/number
6000000 116 330
  1 -34.3187 0 0
  2 -33.7187 0 0
  3 -33.1187 0 0
  4 -32.5187 0 0
  5 -31.9187 0 0
  6 -31.3187 0 0
  7 -30.7187 0 0
  8 -30.1187 0 0
  9 -29.5187 0 0
  10 -28.9187 0 0
  11 -28.3187 0 0
  12 -27.7187 0 0
  13 -27.1187 0.2 0.000267764
  14 -26.5187 0.8 0.00107106
  15 -25.9187 0 0
  16 -25.3187 1.2 0.00160658
  17 -24.7187 1.6 0.00214211
  18 -24.1187 0.6 0.000803292
  19 -23.5187 1.4 0.00187435
  20 -22.9187 0.8 0.00107106
  21 -22.3187 1.4 0.00187435
  22 -21.7187 0 0
  23 -21.1187 0 0
  24 -20.5187 1.6 0.00214211
  25 -19.9187 0.4 0.000535528
  26 -19.3187 0.4 0.000535528
  27 -18.7187 1.6 0.00214211
  28 -18.1187 3 0.00401646
  29 -17.5187 3.6 0.00481975
  30 -16.9187 2.2 0.0029454
  31 -16.3187 1.2 0.00160658
  32 -15.7187 2 0.00267764
  33 -15.1187 6.6 0.00883621
  34 -14.5187 5.2 0.00696186
  35 -13.9187 3.4 0.00455199
  36 -13.3187 3.8 0.00508752
  37 -12.7187 3.8 0.00508752
  38 -12.1187 1.6 0.00214211
  39 -11.5187 2.8 0.0037487
  40 -10.9187 2.6 0.00348093
  41 -10.3187 4.6 0.00615857
  42 -9.71872 4.4 0.00589081
  43 -9.11872 4.4 0.00589081
  44 -8.51872 6 0.00803292
  45 -7.91872 5.2 0.00696186
  46 -7.31872 2.2 0.0029454
  47 -6.71872 2.8 0.0037487
  48 -6.11872 3.8 0.00508752
  49 -5.51872 7.6 0.010175
  50 -4.91872 5.6 0.00749739
  51 -4.31872 5.6 0.00749739
  52 -3.71872 2.4 0.00321317
  53 -3.11872 3 0.00401646
  54 -2.51872 5.2 0.00696186
  55 -1.91872 4.4 0.00589081
  56 -1.31872 5.6 0.00749739
  57 -0.718716 5.4 0.00722963
  58 -0.118716 6 0.00803292
  59 0.481284 6.2 0.00830068
  60 1.08128 5 0.0066941
  61 1.68128 3.4 0.00455199
  62 2.28128 3.6 0.00481975
  63 2.88128 3.4 0.00455199
  64 3.48128 6.2 0.00830068
  65 4.08128 5.6 0.00749739
  66 4.68128 0.8 0.00107106
  67 5.28128 5 0.0066941
  68 5.88128 8.8 0.0117816
  69 6.48128 7.4 0.00990727
  70 7.08128 2.4 0.00321317
  71 7.68128 1.2 0.00160658
  72 8.28128 0.8 0.00107106
  73 8.88128 5.4 0.00722963
  74 9.48128 2.6 0.00348093
  75 10.0813 6.8 0.00910397
  76 10.6813 6.4 0.00856845
  77 11.2813 2.8 0.0037487
  78 11.8813 3.2 0.00428422
  79 12.4813 2.6 0.00348093
  80 13.0813 3.6 0.00481975
  81 13.6813 3.8 0.00508752
  82 14.2813 5.4 0.00722963
  83 14.8813 3.8 0.00508752
  84 15.4813 7.2 0.0096395
  85 16.0813 3.8 0.00508752
  86 16.6813 3.8 0.00508752
  87 17.2813 5.2 0.00696186
  88 17.8813 6.4 0.00856845
  89 18.4813 4.4 0.00589081
  90 19.0813 5.8 0.00776515
  91 19.6813 3.6 0.00481975
  92 20.2813 3.4 0.00455199
  93 20.8813 5.2 0.00696186
  94 21.4813 2.2 0.0029454
  95 22.0813 6.4 0.00856845
  96 22.6813 3.6 0.00481975
  97 23.2813 4.8 0.00642633
  98 23.8813 3.2 0.00428422
  99 24.4813 10.2 0.013656
  100 25.0813 2 0.00267764
  101 25.6813 2.6 0.00348093
  102 26.2813 0 0
  103 26.8813 0.6 0.000803292
  104 27.4813 1.4 0.00187435
  105 28.0813 0 0
  106 28.6813 0 0
  107 29.2813 0 0
  108 29.8813 0 0
  109 30.4813 0 0
  110 31.0813 0 0
  111 31.6813 0 0
  112 32.2813 0 0
  113 32.8813 0 0
  114 33.4813 0 0
  115 34.0813 0 0
  116 34.6813 0 0
7000000 116 330
  1 -34.3187 0 0
  2 -33.7187 0 0
  3 -33.1187 0 0
  4 -32.5187 0 0
  5 -31.9187 0 0
  6 -31.3187 0 0
  7 -30.7187 0 0
  8 -30.1187 0 0
  9 -29.5187 0 0
  10 -28.9187 0 0
  11 -28.3187 0 0
  12 -27.7187 0 0
  13 -27.1187 0 0
  14 -26.5187 0.6 0.000803292
  15 -25.9187 0.8 0.00107106
  16 -25.3187 1.6 0.00214211
  17 -24.7187 0.8 0.00107106
  18 -24.1187 0.2 0.000267764
  19 -23.5187 0.6 0.000803292
  20 -22.9187 2 0.00267764
  21 -22.3187 1 0.00133882
  22 -21.7187 0.4 0.000535528
  23 -21.1187 0.2 0.000267764
  24 -20.5187 1 0.00133882
  25 -19.9187 1.4 0.00187435
  26 -19.3187 2.6 0.00348093
  27 -18.7187 2.8 0.0037487
  28 -18.1187 1.2 0.00160658
  29 -17.5187 2 0.00267764
  30 -16.9187 0.8 0.00107106
  31 -16.3187 1.2 0.00160658
  32 -15.7187 3.8 0.00508752
  33 -15.1187 1.4 0.00187435
  34 -14.5187 2 0.00267764
  35 -13.9187 7.6 0.010175
  36 -13.3187 3.2 0.00428422
  37 -12.7187 3 0.00401646
  38 -12.1187 1.6 0.00214211
  39 -11.5187 0.4 0.000535528
  40 -10.9187 5.2 0.00696186
  41 -10.3187 4.4 0.00589081
  42 -9.71872 6.8 0.00910397
  43 -9.11872 5.4 0.00722963
  44 -8.51872 4 0.00535528
  45 -7.91872 2 0.00267764
  46 -7.31872 6.4 0.00856845
  47 -6.71872 4.6 0.00615857
  48 -6.11872 4 0.00535528
  49 -5.51872 5.4 0.00722963
  50 -4.91872 4.8 0.00642633
  51 -4.31872 5 0.0066941
  52 -3.71872 5.8 0.00776515
  53 -3.11872 5 0.0066941
  54 -2.51872 6.2 0.00830068
  55 -1.91872 2.2 0.0029454
  56 -1.31872 3.8 0.00508752
  57 -0.718716 5.4 0.00722963
  58 -0.118716 3.4 0.00455199
  59 0.481284 7 0.00937174
  60 1.08128 4 0.00535528
  61 1.68128 6.8 0.00910397
  62 2.28128 4.2 0.00562304
  63 2.88128 3.4 0.00455199
  64 3.48128 3.4 0.00455199
  65 4.08128 5.4 0.00722963
  66 4.68128 5.8 0.00776515
  67 5.28128 2.8 0.0037487
  68 5.88128 4.8 0.00642633
  69 6.48128 2.8 0.0037487
  70 7.08128 3.8 0.00508752
  71 7.68128 6.8 0.00910397
  72 8.28128 5.4 0.00722963
  73 8.88128 4.4 0.00589081
  74 9.48128 6.2 0.00830068
  75 10.0813 2.4 0.00321317
  76 10.6813 2.6 0.00348093
  77 11.2813 3.8 0.00508752
  78 11.8813 3 0.00401646
  79 12.4813 4.6 0.00615857
  80 13.0813 7.4 0.00990727
  81 13.6813 8.2 0.0109783
  82 14.2813 4.4 0.00589081
  83 14.8813 4.6 0.00615857
  84 15.4813 1.8 0.00240988
  85 16.0813 5 0.0066941
  86 16.6813 4 0.00535528
  87 17.2813 1.6 0.00214211
  88 17.8813 5.4 0.00722963
  89 18.4813 6.2 0.00830068
  90 19.0813 3.8 0.00508752
  91 19.6813 4.4 0.00589081
  92 20.2813 3.6 0.00481975
  93 20.8813 1.8 0.00240988
  94 21.4813 5.8 0.00776515
  95 22.0813 6.8 0.00910397
  96 22.6813 5.2 0.00696186
  97 23.2813 3.2 0.00428422
  98 23.8813 4.2 0.00562304
  99 24.4813 2.6 0.00348093
  100 25.0813 7.4 0.00990727
  101 25.6813 2.6 0.00348093
  102 26.2813 0.8 0.00107106
  103 26.8813 1.4 0.00187435
  104 27.4813 0.4 0.000535528
  105 28.0813 0 0
  106 28.6813 0 0
  107 29.2813 0 0
  108 29.8813 0 0
  109 30.4813 0 0
  110 31.0813 0 0
  111 31.6813 0 0
  112 32.2813 0 0
  113 32.8813 0 0
  114 33.4813 0 0
  115 34.0813 0 0
  116 34.6813 0 0
