# Chunk-averaged data for fix DENSITYFIXK and group file
# Timestep Number-of-chunks Total-count
# Chunk Coord1 Ncount density/number
6000000 116 330
  1 -34.3187 0 0
  2 -33.7187 0 0
  3 -33.1187 0 0
  4 -32.5187 0 0
  5 -31.9187 0 0
  6 -31.3187 0 0
  7 -30.7187 0 0
  8 -30.1187 0 0
  9 -29.5187 0 0
  10 -28.9187 0 0
  11 -28.3187 0 0
  12 -27.7187 0 0
  13 -27.1187 0 0
  14 -26.5187 0 0
  15 -25.9187 0.6 0.000803292
  16 -25.3187 1.4 0.00187435
  17 -24.7187 0 0
  18 -24.1187 1.6 0.00214211
  19 -23.5187 0.4 0.000535528
  20 -22.9187 2.4 0.00321317
  21 -22.3187 1.6 0.00214211
  22 -21.7187 2 0.00267764
  23 -21.1187 1 0.00133882
  24 -20.5187 0 0
  25 -19.9187 1 0.00133882
  26 -19.3187 2.2 0.0029454
  27 -18.7187 1.2 0.00160658
  28 -18.1187 2.2 0.0029454
  29 -17.5187 3 0.00401646
  30 -16.9187 2.4 0.00321317
  31 -16.3187 0 0
  32 -15.7187 1.8 0.00240988
  33 -15.1187 0.6 0.000803292
  34 -14.5187 2.8 0.0037487
  35 -13.9187 3.4 0.00455199
  36 -13.3187 3.6 0.00481975
  37 -12.7187 3.4 0.00455199
  38 -12.1187 4.4 0.00589081
  39 -11.5187 2 0.00267764
  40 -10.9187 3.4 0.00455199
  41 -10.3187 6.2 0.00830068
  42 -9.71872 4.2 0.00562304
  43 -9.11872 2.4 0.00321317
  44 -8.51872 5.8 0.00776515
  45 -7.91872 6.6 0.00883621
  46 -7.31872 6 0.00803292
  47 -6.71872 3.2 0.00428422
  48 -6.11872 3.2 0.00428422
  49 -5.51872 2.8 0.0037487
  50 -4.91872 4 0.00535528
  51 -4.31872 7 0.00937174
  52 -3.71872 5 0.0066941
  53 -3.11872 3 0.00401646
  54 -2.51872 2.8 0.0037487
  55 -1.91872 6 0.00803292
  56 -1.31872 4.8 0.00642633
  57 -0.718716 4.2 0.00562304
  58 -0.118716 6.6 0.00883621
  59 0.481284 5 0.0066941
  60 1.08128 7 0.00937174
  61 1.68128 4.2 0.00562304
  62 2.28128 3.4 0.00455199
  63 2.88128 5.4 0.00722963
  64 3.48128 1.6 0.00214211
  65 4.08128 4.6 0.00615857
  66 4.68128 4.2 0.00562304
  67 5.28128 9 0.0120494
  68 5.88128 7.2 0.0096395
  69 6.48128 4.2 0.00562304
  70 7.08128 2.4 0.00321317
  71 7.68128 3.4 0.00455199
  72 8.28128 3.2 0.00428422
  73 8.88128 3.6 0.00481975
  74 9.48128 6 0.00803292
  75 10.0813 5.6 0.00749739
  76 10.6813 6.2 0.00830068
  77 11.2813 3.2 0.00428422
  78 11.8813 4 0.00535528
  79 12.4813 3.8 0.00508752
  80 13.0813 5.4 0.00722963
  81 13.6813 4.8 0.00642633
  82 14.2813 5.6 0.00749739
  83 14.8813 5.4 0.00722963
  84 15.4813 4 0.00535528
  85 16.0813 2.6 0.00348093
  86 16.6813 1.4 0.00187435
  87 17.2813 7.2 0.0096395
  88 17.8813 5 0.0066941
  89 18.4813 4.8 0.00642633
  90 19.0813 7.8 0.0104428
  91 19.6813 4.8 0.00642633
  92 20.2813 5.8 0.00776515
  93 20.8813 2.6 0.00348093
  94 21.4813 2.6 0.00348093
  95 22.0813 3.6 0.00481975
  96 22.6813 5.2 0.00696186
  97 23.2813 7.4 0.00990727
  98 23.8813 1.2 0.00160658
  99 24.4813 1.8 0.00240988
  100 25.0813 3.4 0.00455199
  101 25.6813 4.6 0.00615857
  102 26.2813 2 0.00267764
  103 26.8813 0.6 0.000803292
  104 27.4813 0.8 0.00107106
  105 28.0813 0.2 0.000267764
  106 28.6813 0 0
  107 29.2813 0 0
  108 29.8813 0 0
  109 30.4813 0 0
  110 31.0813 0 0
  111 31.6813 0 0
  112 32.2813 0 0
  113 32.8813 0 0
  114 33.4813 0 0
  115 34.0813 0 0
  116 34.6813 0 0
7000000 116 330
  1 -34.3187 0 0
  2 -33.7187 0 0
  3 -33.1187 0 0
  4 -32.5187 0 0
  5 -31.9187 0 0
  6 -31.3187 0 0
  7 -30.7187 0 0
  8 -30.1187 0 0
  9 -29.5187 0 0
  10 -28.9187 0 0
  11 -28.3187 0 0
  12 -27.7187 0 0
  13 -27.1187 0 0
  14 -26.5187 0 0
  15 -25.9187 0.2 0.000267764
  16 -25.3187 0.4 0.000535528
  17 -24.7187 0.8 0.00107106
  18 -24.1187 2.6 0.00348093
  19 -23.5187 0.2 0.000267764
  20 -22.9187 1 0.00133882
  21 -22.3187 0.8 0.00107106
  22 -21.7187 1 0.00133882
  23 -21.1187 0 0
  24 -20.5187 1.8 0.00240988
  25 -19.9187 2.8 0.0037487
  26 -19.3187 3.2 0.00428422
  27 -18.7187 1 0.00133882
  28 -18.1187 3.6 0.00481975
  29 -17.5187 1.6 0.00214211
  30 -16.9187 1 0.00133882
  31 -16.3187 1 0.00133882
  32 -15.7187 2 0.00267764
  33 -15.1187 0.2 0.000267764
  34 -14.5187 6.2 0.00830068
  35 -13.9187 5.4 0.00722963
  36 -13.3187 2.2 0.0029454
  37 -12.7187 2.8 0.0037487
  38 -12.1187 4.2 0.00562304
  39 -11.5187 5.8 0.00776515
  40 -10.9187 4.6 0.00615857
  41 -10.3187 6 0.00803292
  42 -9.71872 6.4 0.00856845
  43 -9.11872 5.2 0.00696186
  44 -8.51872 4 0.00535528
  45 -7.91872 1.2 0.00160658
  46 -7.31872 4.2 0.00562304
  47 -6.71872 5.4 0.00722963
  48 -6.11872 2.8 0.0037487
  49 -5.51872 2 0.00267764
  50 -4.91872 7.8 0.0104428
  51 -4.31872 3 0.00401646
  52 -3.71872 3.8 0.00508752
  53 -3.11872 2.2 0.0029454
  54 -2.51872 3 0.00401646
  55 -1.91872 10 0.0133882
  56 -1.31872 3.6 0.00481975
  57 -0.718716 4.8 0.00642633
  58 -0.118716 3.6 0.00481975
  59 0.481284 4.2 0.00562304
  60 1.08128 2.6 0.00348093
  61 1.68128 2.8 0.0037487
  62 2.28128 5 0.0066941
  63 2.88128 7.2 0.0096395
  64 3.48128 4.8 0.00642633
  65 4.08128 5 0.0066941
  66 4.68128 5.2 0.00696186
  67 5.28128 7.2 0.0096395
  68 5.88128 5.2 0.00696186
  69 6.48128 1.4 0.00187435
  70 7.08128 2 0.00267764
  71 7.68128 5.4 0.00722963
  72 8.28128 5.6 0.00749739
  73 8.88128 5.6 0.00749739
  74 9.48128 5.4 0.00722963
  75 10.0813 3.8 0.00508752
  76 10.6813 1.4 0.00187435
  77 11.2813 2.2 0.0029454
  78 11.8813 7 0.00937174
  79 12.4813 4.8 0.00642633
  80 13.0813 6.2 0.00830068
  81 13.6813 4.6 0.00615857
  82 14.2813 1.8 0.00240988
  83 14.8813 8.6 0.0115138
  84 15.4813 3 0.00401646
  85 16.0813 2.4 0.00321317
  86 16.6813 2.6 0.00348093
  87 17.2813 5.8 0.00776515
  88 17.8813 4 0.00535528
  89 18.4813 5.4 0.00722963
  90 19.0813 3.8 0.00508752
  91 19.6813 5.6 0.00749739
  92 20.2813 3.6 0.00481975
  93 20.8813 7.2 0.0096395
  94 21.4813 5.6 0.00749739
  95 22.0813 4.6 0.00615857
  96 22.6813 3.8 0.00508752
  97 23.2813 1.8 0.00240988
  98 23.8813 4.4 0.00589081
  99 24.4813 6.4 0.00856845
  100 25.0813 7 0.00937174
  101 25.6813 2.4 0.00321317
  102 26.2813 0.2 0.000267764
  103 26.8813 0 0
  104 27.4813 0 0
  105 28.0813 0 0
  106 28.6813 0 0
  107 29.2813 0 0
  108 29.8813 0 0
  109 30.4813 0 0
  110 31.0813 0 0
  111 31.6813 0 0
  112 32.2813 0 0
  113 32.8813 0 0
  114 33.4813 0 0
  115 34.0813 0 0
  116 34.6813 0 0
