# Chunk-averaged data for fix DENSITYFIXK and group file
# Timestep Number-of-chunks Total-count
# Chunk Coord1 Ncount density/number
6000000 116 330
  1 -34.3187 0 0
  2 -33.7187 0 0
  3 -33.1187 0 0
  4 -32.5187 0 0
  5 -31.9187 0 0
  6 -31.3187 0 0
  7 -30.7187 0 0
  8 -30.1187 0 0
  9 -29.5187 0 0
  10 -28.9187 0 0
  11 -28.3187 0 0
  12 -27.7187 0 0
  13 -27.1187 0 0
  14 -26.5187 0 0
  15 -25.9187 0.8 0.00107106
  16 -25.3187 1.2 0.00160658
  17 -24.7187 0.4 0.000535528
  18 -24.1187 1.2 0.00160658
  19 -23.5187 2.4 0.00321317
  20 -22.9187 0 0
  21 -22.3187 0 0
  22 -21.7187 0.2 0.000267764
  23 -21.1187 1.8 0.00240988
  24 -20.5187 0.4 0.000535528
  25 -19.9187 2.4 0.00321317
  26 -19.3187 2.2 0.0029454
  27 -18.7187 0 0
  28 -18.1187 1.8 0.00240988
  29 -17.5187 2.4 0.00321317
  30 -16.9187 4.6 0.00615857
  31 -16.3187 0.8 0.00107106
  32 -15.7187 1.6 0.00214211
  33 -15.1187 1.4 0.00187435
  34 -14.5187 3.4 0.00455199
  35 -13.9187 2.6 0.00348093
  36 -13.3187 4.2 0.00562304
  37 -12.7187 3.8 0.00508752
  38 -12.1187 1 0.00133882
  39 -11.5187 5 0.0066941
  40 -10.9187 5.6 0.00749739
  41 -10.3187 4.2 0.00562304
  42 -9.71872 1.6 0.00214211
  43 -9.11872 4 0.00535528
  44 -8.51872 7.2 0.0096395
  45 -7.91872 3.8 0.00508752
  46 -7.31872 8 0.0107106
  47 -6.71872 3.8 0.00508752
  48 -6.11872 4.8 0.00642633
  49 -5.51872 3.4 0.00455199
  50 -4.91872 3.2 0.00428422
  51 -4.31872 6.8 0.00910397
  52 -3.71872 3.2 0.00428422
  53 -3.11872 5 0.0066941
  54 -2.51872 2.6 0.00348093
  55 -1.91872 4.4 0.00589081
  56 -1.31872 7.4 0.00990727
  57 -0.718716 4.8 0.00642633
  58 -0.118716 5.6 0.00749739
  59 0.481284 4 0.00535528
  60 1.08128 4.4 0.00589081
  61 1.68128 2 0.00267764
  62 2.28128 3 0.00401646
  63 2.88128 6.2 0.00830068
  64 3.48128 6.6 0.00883621
  65 4.08128 4.6 0.00615857
  66 4.68128 6.2 0.00830068
  67 5.28128 4.2 0.00562304
  68 5.88128 4.8 0.00642633
  69 6.48128 6.2 0.00830068
  70 7.08128 3.6 0.00481975
  71 7.68128 4.2 0.00562304
  72 8.28128 5.6 0.00749739
  73 8.88128 4 0.00535528
  74 9.48128 1.6 0.00214211
  75 10.0813 6.2 0.00830068
  76 10.6813 7.6 0.010175
  77 11.2813 6.2 0.00830068
  78 11.8813 2.8 0.0037487
  79 12.4813 4 0.00535528
  80 13.0813 2.6 0.00348093
  81 13.6813 4 0.00535528
  82 14.2813 4.8 0.00642633
  83 14.8813 4.4 0.00589081
  84 15.4813 5.4 0.00722963
  85 16.0813 3.4 0.00455199
  86 16.6813 1.2 0.00160658
  87 17.2813 4.2 0.00562304
  88 17.8813 5.2 0.00696186
  89 18.4813 5.4 0.00722963
  90 19.0813 5.2 0.00696186
  91 19.6813 5 0.0066941
  92 20.2813 3.2 0.00428422
  93 20.8813 4 0.00535528
  94 21.4813 5 0.0066941
  95 22.0813 7.2 0.0096395
  96 22.6813 3.8 0.00508752
  97 23.2813 4.6 0.00615857
  98 23.8813 3.4 0.00455199
  99 24.4813 4.6 0.00615857
  100 25.0813 7.4 0.00990727
  101 25.6813 1 0.00133882
  102 26.2813 0.2 0.000267764
  103 26.8813 1 0.00133882
  104 27.4813 0.8 0.00107106
  105 28.0813 0 0
  106 28.6813 0 0
  107 29.2813 0 0
  108 29.8813 0 0
  109 30.4813 0 0
  110 31.0813 0 0
  111 31.6813 0 0
  112 32.2813 0 0
  113 32.8813 0 0
  114 33.4813 0 0
  115 34.0813 0 0
  116 34.6813 0 0
7000000 116 330
  1 -34.3187 0 0
  2 -33.7187 0 0
  3 -33.1187 0 0
  4 -32.5187 0 0
  5 -31.9187 0 0
  6 -31.3187 0 0
  7 -30.7187 0 0
  8 -30.1187 0 0
  9 -29.5187 0 0
  10 -28.9187 0 0
  11 -28.3187 0 0
  12 -27.7187 0 0
  13 -27.1187 0 0
  14 -26.5187 0.4 0.000535528
  15 -25.9187 1 0.00133882
  16 -25.3187 1.2 0.00160658
  17 -24.7187 1 0.00133882
  18 -24.1187 1.4 0.00187435
  19 -23.5187 1 0.00133882
  20 -22.9187 2.8 0.0037487
  21 -22.3187 0.2 0.000267764
  22 -21.7187 0 0
  23 -21.1187 0.6 0.000803292
  24 -20.5187 0.4 0.000535528
  25 -19.9187 0.6 0.000803292
  26 -19.3187 1.4 0.00187435
  27 -18.7187 3.6 0.00481975
  28 -18.1187 1 0.00133882
  29 -17.5187 2.6 0.00348093
  30 -16.9187 3.6 0.00481975
  31 -16.3187 1.8 0.00240988
  32 -15.7187 1.6 0.00214211
  33 -15.1187 1.4 0.00187435
  34 -14.5187 5.6 0.00749739
  35 -13.9187 2.2 0.0029454
  36 -13.3187 3.2 0.00428422
  37 -12.7187 3.4 0.00455199
  38 -12.1187 3.6 0.00481975
  39 -11.5187 6.4 0.00856845
  40 -10.9187 4.2 0.00562304
  41 -10.3187 6 0.00803292
  42 -9.71872 1.8 0.00240988
  43 -9.11872 2.8 0.0037487
  44 -8.51872 5.2 0.00696186
  45 -7.91872 5.4 0.00722963
  46 -7.31872 3.2 0.00428422
  47 -6.71872 5 0.0066941
  48 -6.11872 5.2 0.00696186
  49 -5.51872 3.2 0.00428422
  50 -4.91872 5.6 0.00749739
  51 -4.31872 6.6 0.00883621
  52 -3.71872 5.2 0.00696186
  53 -3.11872 3.2 0.00428422
  54 -2.51872 1.6 0.00214211
  55 -1.91872 3 0.00401646
  56 -1.31872 6.8 0.00910397
  57 -0.718716 4.6 0.00615857
  58 -0.118716 6.6 0.00883621
  59 0.481284 3.2 0.00428422
  60 1.08128 6 0.00803292
  61 1.68128 5.6 0.00749739
  62 2.28128 4 0.00535528
  63 2.88128 5.2 0.00696186
  64 3.48128 5.4 0.00722963
  65 4.08128 5.4 0.00722963
  66 4.68128 5 0.0066941
  67 5.28128 4.6 0.00615857
  68 5.88128 3.6 0.00481975
  69 6.48128 4.4 0.00589081
  70 7.08128 4.4 0.00589081
  71 7.68128 5 0.0066941
  72 8.28128 4.2 0.00562304
  73 8.88128 5.6 0.00749739
  74 9.48128 3.2 0.00428422
  75 10.0813 5.4 0.00722963
  76 10.6813 1.8 0.00240988
  77 11.2813 1.8 0.00240988
  78 11.8813 5.6 0.00749739
  79 12.4813 3.8 0.00508752
  80 13.0813 5.6 0.00749739
  81 13.6813 4.2 0.00562304
  82 14.2813 1.4 0.00187435
  83 14.8813 5 0.0066941
  84 15.4813 4.4 0.00589081
  85 16.0813 4.2 0.00562304
  86 16.6813 4.4 0.00589081
  87 17.2813 4.2 0.00562304
  88 17.8813 6.2 0.00830068
  89 18.4813 5.4 0.00722963
  90 19.0813 5.8 0.00776515
  91 19.6813 3.8 0.00508752
  92 20.2813 5.8 0.00776515
  93 20.8813 2 0.00267764
  94 21.4813 5.6 0.00749739
  95 22.0813 8.2 0.0109783
  96 22.6813 3 0.00401646
  97 23.2813 2 0.00267764
  98 23.8813 3.6 0.00481975
  99 24.4813 3 0.00401646
  100 25.0813 5.8 0.00776515
  101 25.6813 3.6 0.00481975
  102 26.2813 1.6 0.00214211
  103 26.8813 0.8 0.00107106
  104 27.4813 0 0
  105 28.0813 0 0
  106 28.6813 0 0
  107 29.2813 0 0
  108 29.8813 0 0
  109 30.4813 0 0
  110 31.0813 0 0
  111 31.6813 0 0
  112 32.2813 0 0
  113 32.8813 0 0
  114 33.4813 0 0
  115 34.0813 0 0
  116 34.6813 0 0
