# Chunk-averaged data for fix DENSITYFIXK and group file
# Timestep Number-of-chunks Total-count
# Chunk Coord1 Ncount density/number
6000000 116 330
  1 -34.3187 0 0
  2 -33.7187 0 0
  3 -33.1187 0 0
  4 -32.5187 0 0
  5 -31.9187 0 0
  6 -31.3187 0 0
  7 -30.7187 0 0
  8 -30.1187 0 0
  9 -29.5187 0 0
  10 -28.9187 0 0
  11 -28.3187 0 0
  12 -27.7187 0 0
  13 -27.1187 0 0
  14 -26.5187 0 0
  15 -25.9187 1 0.00133882
  16 -25.3187 1 0.00133882
  17 -24.7187 3.8 0.00508752
  18 -24.1187 1.2 0.00160658
  19 -23.5187 0 0
  20 -22.9187 0.8 0.00107106
  21 -22.3187 1.6 0.00214211
  22 -21.7187 1.6 0.00214211
  23 -21.1187 1.2 0.00160658
  24 -20.5187 2.2 0.0029454
  25 -19.9187 2.8 0.0037487
  26 -19.3187 3.2 0.00428422
  27 -18.7187 0.6 0.000803292
  28 -18.1187 1.4 0.00187435
  29 -17.5187 1.6 0.00214211
  30 -16.9187 1 0.00133882
  31 -16.3187 2.2 0.0029454
  32 -15.7187 2.2 0.0029454
  33 -15.1187 2.4 0.00321317
  34 -14.5187 1.4 0.00187435
  35 -13.9187 2.6 0.00348093
  36 -13.3187 3.4 0.00455199
  37 -12.7187 2.2 0.0029454
  38 -12.1187 5.2 0.00696186
  39 -11.5187 2.4 0.00321317
  40 -10.9187 6 0.00803292
  41 -10.3187 3.4 0.00455199
  42 -9.71872 4.4 0.00589081
  43 -9.11872 6.8 0.00910397
  44 -8.51872 5.2 0.00696186
  45 -7.91872 2.4 0.00321317
  46 -7.31872 3.4 0.00455199
  47 -6.71872 2.4 0.00321317
  48 -6.11872 2.8 0.0037487
  49 -5.51872 9.4 0.0125849
  50 -4.91872 8.4 0.0112461
  51 -4.31872 3.6 0.00481975
  52 -3.71872 2.4 0.00321317
  53 -3.11872 4.4 0.00589081
  54 -2.51872 3.2 0.00428422
  55 -1.91872 7.8 0.0104428
  56 -1.31872 4.2 0.00562304
  57 -0.718716 2.8 0.0037487
  58 -0.118716 2.2 0.0029454
  59 0.481284 5 0.0066941
  60 1.08128 7.2 0.0096395
  61 1.68128 1.2 0.00160658
  62 2.28128 7 0.00937174
  63 2.88128 5.2 0.00696186
  64 3.48128 3.6 0.00481975
  65 4.08128 5.8 0.00776515
  66 4.68128 3.4 0.00455199
  67 5.28128 3.6 0.00481975
  68 5.88128 3.6 0.00481975
  69 6.48128 1.8 0.00240988
  70 7.08128 4.6 0.00615857
  71 7.68128 4.2 0.00562304
  72 8.28128 5.8 0.00776515
  73 8.88128 7 0.00937174
  74 9.48128 3 0.00401646
  75 10.0813 5 0.0066941
  76 10.6813 8.2 0.0109783
  77 11.2813 3.8 0.00508752
  78 11.8813 3.6 0.00481975
  79 12.4813 2 0.00267764
  80 13.0813 6 0.00803292
  81 13.6813 4.2 0.00562304
  82 14.2813 4.6 0.00615857
  83 14.8813 3.6 0.00481975
  84 15.4813 4 0.00535528
  85 16.0813 6.8 0.00910397
  86 16.6813 4.4 0.00589081
  87 17.2813 4.2 0.00562304
  88 17.8813 3.4 0.00455199
  89 18.4813 5.2 0.00696186
  90 19.0813 5.2 0.00696186
  91 19.6813 3.6 0.00481975
  92 20.2813 4.2 0.00562304
  93 20.8813 6 0.00803292
  94 21.4813 6 0.00803292
  95 22.0813 6.2 0.00830068
  96 22.6813 2.6 0.00348093
  97 23.2813 5.2 0.00696186
  98 23.8813 3 0.00401646
  99 24.4813 2.6 0.00348093
  100 25.0813 4.8 0.00642633
  101 25.6813 3.4 0.00455199
  102 26.2813 1 0.00133882
  103 26.8813 0.4 0.000535528
  104 27.4813 0.6 0.000803292
  105 28.0813 0 0
  106 28.6813 0 0
  107 29.2813 0 0
  108 29.8813 0 0
  109 30.4813 0 0
  110 31.0813 0 0
  111 31.6813 0 0
  112 32.2813 0 0
  113 32.8813 0 0
  114 33.4813 0 0
  115 34.0813 0 0
  116 34.6813 0 0
