# Chunk-averaged data for fix DENSITYFIXOH and group file
# Timestep Number-of-chunks Total-count
# Chunk Coord1 Ncount density/number
6000000 116 330
  1 -34.3187 0 0
  2 -33.7187 0 0
  3 -33.1187 0 0
  4 -32.5187 0 0
  5 -31.9187 0 0
  6 -31.3187 0 0
  7 -30.7187 0 0
  8 -30.1187 0 0
  9 -29.5187 0 0
  10 -28.9187 0 0
  11 -28.3187 0 0
  12 -27.7187 0 0
  13 -27.1187 0 0
  14 -26.5187 0 0
  15 -25.9187 0 0
  16 -25.3187 1 0.00133882
  17 -24.7187 0 0
  18 -24.1187 0 0
  19 -23.5187 0.2 0.000267764
  20 -22.9187 0.8 0.00107106
  21 -22.3187 0.6 0.000803292
  22 -21.7187 3.2 0.00428422
  23 -21.1187 0.6 0.000803292
  24 -20.5187 2.6 0.00348093
  25 -19.9187 2 0.00267764
  26 -19.3187 1 0.00133882
  27 -18.7187 2 0.00267764
  28 -18.1187 0.4 0.000535528
  29 -17.5187 1.6 0.00214211
  30 -16.9187 1 0.00133882
  31 -16.3187 2.6 0.00348093
  32 -15.7187 2.6 0.00348093
  33 -15.1187 2.4 0.00321317
  34 -14.5187 3.4 0.00455199
  35 -13.9187 2.2 0.0029454
  36 -13.3187 3 0.00401646
  37 -12.7187 4 0.00535528
  38 -12.1187 4.6 0.00615857
  39 -11.5187 0.8 0.00107106
  40 -10.9187 3.8 0.00508752
  41 -10.3187 8.2 0.0109783
  42 -9.71872 3.4 0.00455199
  43 -9.11872 6.8 0.00910397
  44 -8.51872 4.4 0.00589081
  45 -7.91872 3.4 0.00455199
  46 -7.31872 2.6 0.00348093
  47 -6.71872 5 0.0066941
  48 -6.11872 5.2 0.00696186
  49 -5.51872 3.4 0.00455199
  50 -4.91872 5.2 0.00696186
  51 -4.31872 6.6 0.00883621
  52 -3.71872 5 0.0066941
  53 -3.11872 4.6 0.00615857
  54 -2.51872 3.8 0.00508752
  55 -1.91872 4 0.00535528
  56 -1.31872 6.6 0.00883621
  57 -0.718716 0.6 0.000803292
  58 -0.118716 5.6 0.00749739
  59 0.481284 3.2 0.00428422
  60 1.08128 5.8 0.00776515
  61 1.68128 4.6 0.00615857
  62 2.28128 6.4 0.00856845
  63 2.88128 3.2 0.00428422
  64 3.48128 4.4 0.00589081
  65 4.08128 5.6 0.00749739
  66 4.68128 4.6 0.00615857
  67 5.28128 3 0.00401646
  68 5.88128 6.8 0.00910397
  69 6.48128 7.4 0.00990727
  70 7.08128 5.2 0.00696186
  71 7.68128 2.2 0.0029454
  72 8.28128 6.6 0.00883621
  73 8.88128 4 0.00535528
  74 9.48128 6.4 0.00856845
  75 10.0813 3.2 0.00428422
  76 10.6813 2.2 0.0029454
  77 11.2813 2.6 0.00348093
  78 11.8813 4.6 0.00615857
  79 12.4813 5.8 0.00776515
  80 13.0813 5.2 0.00696186
  81 13.6813 5 0.0066941
  82 14.2813 5.4 0.00722963
  83 14.8813 2.4 0.00321317
  84 15.4813 3.4 0.00455199
  85 16.0813 7.2 0.0096395
  86 16.6813 2.6 0.00348093
  87 17.2813 2 0.00267764
  88 17.8813 5.8 0.00776515
  89 18.4813 5.6 0.00749739
  90 19.0813 3.6 0.00481975
  91 19.6813 6 0.00803292
  92 20.2813 5.2 0.00696186
  93 20.8813 4 0.00535528
  94 21.4813 5.2 0.00696186
  95 22.0813 4.4 0.00589081
  96 22.6813 2.6 0.00348093
  97 23.2813 4.4 0.00589081
  98 23.8813 1.8 0.00240988
  99 24.4813 4.4 0.00589081
  100 25.0813 9 0.0120494
  101 25.6813 5 0.0066941
  102 26.2813 1.2 0.00160658
  103 26.8813 0 0
  104 27.4813 0 0
  105 28.0813 0 0
  106 28.6813 0 0
  107 29.2813 0 0
  108 29.8813 0 0
  109 30.4813 0 0
  110 31.0813 0 0
  111 31.6813 0 0
  112 32.2813 0 0
  113 32.8813 0 0
  114 33.4813 0 0
  115 34.0813 0 0
  116 34.6813 0 0
7000000 116 330
  1 -34.3187 0 0
  2 -33.7187 0 0
  3 -33.1187 0 0
  4 -32.5187 0 0
  5 -31.9187 0 0
  6 -31.3187 0 0
  7 -30.7187 0 0
  8 -30.1187 0 0
  9 -29.5187 0 0
  10 -28.9187 0 0
  11 -28.3187 0 0
  12 -27.7187 0 0
  13 -27.1187 0 0
  14 -26.5187 0 0
  15 -25.9187 0.6 0.000803292
  16 -25.3187 1.6 0.00214211
  17 -24.7187 0.8 0.00107106
  18 -24.1187 1 0.00133882
  19 -23.5187 1 0.00133882
  20 -22.9187 0 0
  21 -22.3187 0.4 0.000535528
  22 -21.7187 1.8 0.00240988
  23 -21.1187 2 0.00267764
  24 -20.5187 0.8 0.00107106
  25 -19.9187 1 0.00133882
  26 -19.3187 0.2 0.000267764
  27 -18.7187 2.6 0.00348093
  28 -18.1187 0.4 0.000535528
  29 -17.5187 1.6 0.00214211
  30 -16.9187 1.6 0.00214211
  31 -16.3187 3.4 0.00455199
  32 -15.7187 3.4 0.00455199
  33 -15.1187 1 0.00133882
  34 -14.5187 2.4 0.00321317
  35 -13.9187 5 0.0066941
  36 -13.3187 3.8 0.00508752
  37 -12.7187 6.4 0.00856845
  38 -12.1187 5.2 0.00696186
  39 -11.5187 1.8 0.00240988
  40 -10.9187 2.6 0.00348093
  41 -10.3187 4.2 0.00562304
  42 -9.71872 5 0.0066941
  43 -9.11872 7 0.00937174
  44 -8.51872 5.8 0.00776515
  45 -7.91872 3.8 0.00508752
  46 -7.31872 1.4 0.00187435
  47 -6.71872 3.8 0.00508752
  48 -6.11872 2.6 0.00348093
  49 -5.51872 3.2 0.00428422
  50 -4.91872 3 0.00401646
  51 -4.31872 10.2 0.013656
  52 -3.71872 6 0.00803292
  53 -3.11872 4.6 0.00615857
  54 -2.51872 5 0.0066941
  55 -1.91872 4.2 0.00562304
  56 -1.31872 5.6 0.00749739
  57 -0.718716 3.8 0.00508752
  58 -0.118716 4.6 0.00615857
  59 0.481284 2.6 0.00348093
  60 1.08128 2.8 0.0037487
  61 1.68128 7.2 0.0096395
  62 2.28128 5 0.0066941
  63 2.88128 5.6 0.00749739
  64 3.48128 1.2 0.00160658
  65 4.08128 5.2 0.00696186
  66 4.68128 8.8 0.0117816
  67 5.28128 6.2 0.00830068
  68 5.88128 5.6 0.00749739
  69 6.48128 3.8 0.00508752
  70 7.08128 4.8 0.00642633
  71 7.68128 3.8 0.00508752
  72 8.28128 3.4 0.00455199
  73 8.88128 1.6 0.00214211
  74 9.48128 1.8 0.00240988
  75 10.0813 4 0.00535528
  76 10.6813 4.4 0.00589081
  77 11.2813 3.8 0.00508752
  78 11.8813 5.2 0.00696186
  79 12.4813 6.6 0.00883621
  80 13.0813 6 0.00803292
  81 13.6813 3.4 0.00455199
  82 14.2813 2.2 0.0029454
  83 14.8813 3.4 0.00455199
  84 15.4813 2.2 0.0029454
  85 16.0813 4.8 0.00642633
  86 16.6813 5.4 0.00722963
  87 17.2813 5.8 0.00776515
  88 17.8813 6.2 0.00830068
  89 18.4813 1 0.00133882
  90 19.0813 3 0.00401646
  91 19.6813 7.6 0.010175
  92 20.2813 5.4 0.00722963
  93 20.8813 2.6 0.00348093
  94 21.4813 6 0.00803292
  95 22.0813 5.2 0.00696186
  96 22.6813 6.6 0.00883621
  97 23.2813 5.6 0.00749739
  98 23.8813 2.2 0.0029454
  99 24.4813 3 0.00401646
  100 25.0813 5.2 0.00696186
  101 25.6813 3.8 0.00508752
  102 26.2813 3.4 0.00455199
  103 26.8813 0.4 0.000535528
  104 27.4813 0 0
  105 28.0813 0 0
  106 28.6813 0 0
  107 29.2813 0 0
  108 29.8813 0 0
  109 30.4813 0 0
  110 31.0813 0 0
  111 31.6813 0 0
  112 32.2813 0 0
  113 32.8813 0 0
  114 33.4813 0 0
  115 34.0813 0 0
  116 34.6813 0 0
