# Chunk-averaged data for fix DENSITYFIXOH and group file
# Timestep Number-of-chunks Total-count
# Chunk Coord1 Ncount density/number
6000000 116 330
  1 -34.3187 0 0
  2 -33.7187 0 0
  3 -33.1187 0 0
  4 -32.5187 0 0
  5 -31.9187 0 0
  6 -31.3187 0 0
  7 -30.7187 0 0
  8 -30.1187 0 0
  9 -29.5187 0 0
  10 -28.9187 0 0
  11 -28.3187 0 0
  12 -27.7187 0 0
  13 -27.1187 0 0
  14 -26.5187 1.6 0.00214211
  15 -25.9187 1.4 0.00187435
  16 -25.3187 0 0
  17 -24.7187 0 0
  18 -24.1187 0.4 0.000535528
  19 -23.5187 0.6 0.000803292
  20 -22.9187 0.8 0.00107106
  21 -22.3187 0.2 0.000267764
  22 -21.7187 1.8 0.00240988
  23 -21.1187 1 0.00133882
  24 -20.5187 0.6 0.000803292
  25 -19.9187 0.8 0.00107106
  26 -19.3187 2.2 0.0029454
  27 -18.7187 1.6 0.00214211
  28 -18.1187 1 0.00133882
  29 -17.5187 2.2 0.0029454
  30 -16.9187 2.8 0.0037487
  31 -16.3187 2.6 0.00348093
  32 -15.7187 2.6 0.00348093
  33 -15.1187 4.2 0.00562304
  34 -14.5187 1.6 0.00214211
  35 -13.9187 5.4 0.00722963
  36 -13.3187 4.6 0.00615857
  37 -12.7187 1.8 0.00240988
  38 -12.1187 7.6 0.010175
  39 -11.5187 2.8 0.0037487
  40 -10.9187 4.4 0.00589081
  41 -10.3187 4.4 0.00589081
  42 -9.71872 2.6 0.00348093
  43 -9.11872 2.4 0.00321317
  44 -8.51872 4 0.00535528
  45 -7.91872 3.8 0.00508752
  46 -7.31872 5.6 0.00749739
  47 -6.71872 6.8 0.00910397
  48 -6.11872 5.2 0.00696186
  49 -5.51872 1.2 0.00160658
  50 -4.91872 2.4 0.00321317
  51 -4.31872 6 0.00803292
  52 -3.71872 4.6 0.00615857
  53 -3.11872 4.2 0.00562304
  54 -2.51872 6 0.00803292
  55 -1.91872 7.6 0.010175
  56 -1.31872 5.2 0.00696186
  57 -0.718716 3.8 0.00508752
  58 -0.118716 4.4 0.00589081
  59 0.481284 2.8 0.0037487
  60 1.08128 5.2 0.00696186
  61 1.68128 5.6 0.00749739
  62 2.28128 4 0.00535528
  63 2.88128 2.6 0.00348093
  64 3.48128 7.8 0.0104428
  65 4.08128 4.6 0.00615857
  66 4.68128 4 0.00535528
  67 5.28128 1.8 0.00240988
  68 5.88128 3.6 0.00481975
  69 6.48128 5.6 0.00749739
  70 7.08128 4.2 0.00562304
  71 7.68128 5.6 0.00749739
  72 8.28128 6.6 0.00883621
  73 8.88128 2.2 0.0029454
  74 9.48128 7.6 0.010175
  75 10.0813 2.2 0.0029454
  76 10.6813 2.2 0.0029454
  77 11.2813 7.4 0.00990727
  78 11.8813 2.6 0.00348093
  79 12.4813 2.6 0.00348093
  80 13.0813 4.4 0.00589081
  81 13.6813 5.2 0.00696186
  82 14.2813 4.4 0.00589081
  83 14.8813 3 0.00401646
  84 15.4813 3.2 0.00428422
  85 16.0813 7.2 0.0096395
  86 16.6813 3.8 0.00508752
  87 17.2813 3.8 0.00508752
  88 17.8813 5.4 0.00722963
  89 18.4813 2.4 0.00321317
  90 19.0813 5.4 0.00722963
  91 19.6813 4.4 0.00589081
  92 20.2813 5 0.0066941
  93 20.8813 7.6 0.010175
  94 21.4813 5.8 0.00776515
  95 22.0813 5.4 0.00722963
  96 22.6813 4 0.00535528
  97 23.2813 3.4 0.00455199
  98 23.8813 3.6 0.00481975
  99 24.4813 5.8 0.00776515
  100 25.0813 2.4 0.00321317
  101 25.6813 4 0.00535528
  102 26.2813 2.6 0.00348093
  103 26.8813 0.2 0.000267764
  104 27.4813 0 0
  105 28.0813 0 0
  106 28.6813 0 0
  107 29.2813 0 0
  108 29.8813 0 0
  109 30.4813 0 0
  110 31.0813 0 0
  111 31.6813 0 0
  112 32.2813 0 0
  113 32.8813 0 0
  114 33.4813 0 0
  115 34.0813 0 0
  116 34.6813 0 0
7000000 116 330
  1 -34.3187 0 0
  2 -33.7187 0 0
  3 -33.1187 0 0
  4 -32.5187 0 0
  5 -31.9187 0 0
  6 -31.3187 0 0
  7 -30.7187 0 0
  8 -30.1187 0 0
  9 -29.5187 0 0
  10 -28.9187 0 0
  11 -28.3187 0 0
  12 -27.7187 0 0
  13 -27.1187 0 0
  14 -26.5187 0 0
  15 -25.9187 0.4 0.000535528
  16 -25.3187 0.6 0.000803292
  17 -24.7187 1.4 0.00187435
  18 -24.1187 0.8 0.00107106
  19 -23.5187 0.8 0.00107106
  20 -22.9187 0.8 0.00107106
  21 -22.3187 1.2 0.00160658
  22 -21.7187 3 0.00401646
  23 -21.1187 2 0.00267764
  24 -20.5187 1 0.00133882
  25 -19.9187 0 0
  26 -19.3187 1 0.00133882
  27 -18.7187 1.2 0.00160658
  28 -18.1187 1.4 0.00187435
  29 -17.5187 1 0.00133882
  30 -16.9187 3.6 0.00481975
  31 -16.3187 2.6 0.00348093
  32 -15.7187 0.8 0.00107106
  33 -15.1187 2.4 0.00321317
  34 -14.5187 4.6 0.00615857
  35 -13.9187 3.2 0.00428422
  36 -13.3187 1.2 0.00160658
  37 -12.7187 2.4 0.00321317
  38 -12.1187 5.2 0.00696186
  39 -11.5187 5.6 0.00749739
  40 -10.9187 4 0.00535528
  41 -10.3187 2.8 0.0037487
  42 -9.71872 5.6 0.00749739
  43 -9.11872 0.6 0.000803292
  44 -8.51872 4.8 0.00642633
  45 -7.91872 5.4 0.00722963
  46 -7.31872 5 0.0066941
  47 -6.71872 7.4 0.00990727
  48 -6.11872 4 0.00535528
  49 -5.51872 3.6 0.00481975
  50 -4.91872 5.2 0.00696186
  51 -4.31872 5 0.0066941
  52 -3.71872 1.6 0.00214211
  53 -3.11872 5 0.0066941
  54 -2.51872 5.6 0.00749739
  55 -1.91872 3.6 0.00481975
  56 -1.31872 6.2 0.00830068
  57 -0.718716 5.2 0.00696186
  58 -0.118716 6.4 0.00856845
  59 0.481284 3 0.00401646
  60 1.08128 5.4 0.00722963
  61 1.68128 2.2 0.0029454
  62 2.28128 4.4 0.00589081
  63 2.88128 7.6 0.010175
  64 3.48128 6.2 0.00830068
  65 4.08128 3 0.00401646
  66 4.68128 3 0.00401646
  67 5.28128 7.8 0.0104428
  68 5.88128 5.4 0.00722963
  69 6.48128 4.2 0.00562304
  70 7.08128 5.4 0.00722963
  71 7.68128 2 0.00267764
  72 8.28128 1.2 0.00160658
  73 8.88128 7.2 0.0096395
  74 9.48128 5.8 0.00776515
  75 10.0813 2.8 0.0037487
  76 10.6813 4.4 0.00589081
  77 11.2813 2.6 0.00348093
  78 11.8813 5 0.0066941
  79 12.4813 5.8 0.00776515
  80 13.0813 6.2 0.00830068
  81 13.6813 1.8 0.00240988
  82 14.2813 3 0.00401646
  83 14.8813 6 0.00803292
  84 15.4813 4.4 0.00589081
  85 16.0813 3.4 0.00455199
  86 16.6813 4 0.00535528
  87 17.2813 4 0.00535528
  88 17.8813 6 0.00803292
  89 18.4813 2 0.00267764
  90 19.0813 7 0.00937174
  91 19.6813 5.6 0.00749739
  92 20.2813 4.6 0.00615857
  93 20.8813 2 0.00267764
  94 21.4813 5.2 0.00696186
  95 22.0813 4.4 0.00589081
  96 22.6813 4.4 0.00589081
  97 23.2813 6.8 0.00910397
  98 23.8813 3.2 0.00428422
  99 24.4813 2 0.00267764
  100 25.0813 5 0.0066941
  101 25.6813 6.2 0.00830068
  102 26.2813 3.2 0.00428422
  103 26.8813 0 0
  104 27.4813 0 0
  105 28.0813 0 0
  106 28.6813 0 0
  107 29.2813 0 0
  108 29.8813 0 0
  109 30.4813 0 0
  110 31.0813 0 0
  111 31.6813 0 0
  112 32.2813 0 0
  113 32.8813 0 0
  114 33.4813 0 0
  115 34.0813 0 0
  116 34.6813 0 0
