# Chunk-averaged data for fix DENSITYFIXOH and group file
# Timestep Number-of-chunks Total-count
# Chunk Coord1 Ncount density/number
6000000 116 330
  1 -34.3187 0 0
  2 -33.7187 0 0
  3 -33.1187 0 0
  4 -32.5187 0 0
  5 -31.9187 0 0
  6 -31.3187 0 0
  7 -30.7187 0 0
  8 -30.1187 0 0
  9 -29.5187 0 0
  10 -28.9187 0 0
  11 -28.3187 0 0
  12 -27.7187 0 0
  13 -27.1187 0 0
  14 -26.5187 0 0
  15 -25.9187 0 0
  16 -25.3187 1 0.00133882
  17 -24.7187 1 0.00133882
  18 -24.1187 0.4 0.000535528
  19 -23.5187 0.6 0.000803292
  20 -22.9187 0.6 0.000803292
  21 -22.3187 3.2 0.00428422
  22 -21.7187 0.2 0.000267764
  23 -21.1187 0.2 0.000267764
  24 -20.5187 2.6 0.00348093
  25 -19.9187 1.2 0.00160658
  26 -19.3187 0.4 0.000535528
  27 -18.7187 2.6 0.00348093
  28 -18.1187 1.8 0.00240988
  29 -17.5187 1.6 0.00214211
  30 -16.9187 2.2 0.0029454
  31 -16.3187 2 0.00267764
  32 -15.7187 1.6 0.00214211
  33 -15.1187 2.8 0.0037487
  34 -14.5187 2.4 0.00321317
  35 -13.9187 1.4 0.00187435
  36 -13.3187 2 0.00267764
  37 -12.7187 3.8 0.00508752
  38 -12.1187 6 0.00803292
  39 -11.5187 5.6 0.00749739
  40 -10.9187 5.8 0.00776515
  41 -10.3187 1.8 0.00240988
  42 -9.71872 2.4 0.00321317
  43 -9.11872 5.2 0.00696186
  44 -8.51872 5.8 0.00776515
  45 -7.91872 8 0.0107106
  46 -7.31872 3.6 0.00481975
  47 -6.71872 4.8 0.00642633
  48 -6.11872 4.4 0.00589081
  49 -5.51872 2.8 0.0037487
  50 -4.91872 4.8 0.00642633
  51 -4.31872 2.6 0.00348093
  52 -3.71872 4.4 0.00589081
  53 -3.11872 3.4 0.00455199
  54 -2.51872 7.4 0.00990727
  55 -1.91872 5.4 0.00722963
  56 -1.31872 3.4 0.00455199
  57 -0.718716 5 0.0066941
  58 -0.118716 7.8 0.0104428
  59 0.481284 3 0.00401646
  60 1.08128 2.8 0.0037487
  61 1.68128 5 0.0066941
  62 2.28128 1.6 0.00214211
  63 2.88128 8.8 0.0117816
  64 3.48128 4.6 0.00615857
  65 4.08128 4.6 0.00615857
  66 4.68128 4 0.00535528
  67 5.28128 5.4 0.00722963
  68 5.88128 2.4 0.00321317
  69 6.48128 4.2 0.00562304
  70 7.08128 5.8 0.00776515
  71 7.68128 6 0.00803292
  72 8.28128 5.8 0.00776515
  73 8.88128 5.4 0.00722963
  74 9.48128 3.8 0.00508752
  75 10.0813 4.6 0.00615857
  76 10.6813 3.2 0.00428422
  77 11.2813 3.6 0.00481975
  78 11.8813 4.4 0.00589081
  79 12.4813 3.6 0.00481975
  80 13.0813 4.6 0.00615857
  81 13.6813 7.2 0.0096395
  82 14.2813 1.6 0.00214211
  83 14.8813 3.2 0.00428422
  84 15.4813 4.6 0.00615857
  85 16.0813 6.6 0.00883621
  86 16.6813 5.8 0.00776515
  87 17.2813 5.2 0.00696186
  88 17.8813 6.4 0.00856845
  89 18.4813 2.6 0.00348093
  90 19.0813 5.2 0.00696186
  91 19.6813 4.4 0.00589081
  92 20.2813 3.8 0.00508752
  93 20.8813 4.2 0.00562304
  94 21.4813 3 0.00401646
  95 22.0813 6.2 0.00830068
  96 22.6813 6.6 0.00883621
  97 23.2813 1.4 0.00187435
  98 23.8813 2 0.00267764
  99 24.4813 7.6 0.010175
  100 25.0813 4.8 0.00642633
  101 25.6813 0.8 0.00107106
  102 26.2813 1.8 0.00240988
  103 26.8813 1.2 0.00160658
  104 27.4813 0.6 0.000803292
  105 28.0813 0 0
  106 28.6813 0 0
  107 29.2813 0 0
  108 29.8813 0 0
  109 30.4813 0 0
  110 31.0813 0 0
  111 31.6813 0 0
  112 32.2813 0 0
  113 32.8813 0 0
  114 33.4813 0 0
  115 34.0813 0 0
  116 34.6813 0 0
7000000 116 330
  1 -34.3187 0 0
  2 -33.7187 0 0
  3 -33.1187 0 0
  4 -32.5187 0 0
  5 -31.9187 0 0
  6 -31.3187 0 0
  7 -30.7187 0 0
  8 -30.1187 0 0
  9 -29.5187 0 0
  10 -28.9187 0 0
  11 -28.3187 0 0
  12 -27.7187 0 0
  13 -27.1187 0 0
  14 -26.5187 0 0
  15 -25.9187 1 0.00133882
  16 -25.3187 0 0
  17 -24.7187 0.6 0.000803292
  18 -24.1187 1 0.00133882
  19 -23.5187 0.6 0.000803292
  20 -22.9187 1 0.00133882
  21 -22.3187 1 0.00133882
  22 -21.7187 1.8 0.00240988
  23 -21.1187 1.6 0.00214211
  24 -20.5187 1.6 0.00214211
  25 -19.9187 0.4 0.000535528
  26 -19.3187 0.4 0.000535528
  27 -18.7187 1.2 0.00160658
  28 -18.1187 1.8 0.00240988
  29 -17.5187 3.4 0.00455199
  30 -16.9187 1.4 0.00187435
  31 -16.3187 3.6 0.00481975
  32 -15.7187 4 0.00535528
  33 -15.1187 3 0.00401646
  34 -14.5187 2.4 0.00321317
  35 -13.9187 5.8 0.00776515
  36 -13.3187 3.2 0.00428422
  37 -12.7187 4.2 0.00562304
  38 -12.1187 3.8 0.00508752
  39 -11.5187 3 0.00401646
  40 -10.9187 4 0.00535528
  41 -10.3187 6.6 0.00883621
  42 -9.71872 5 0.0066941
  43 -9.11872 5 0.0066941
  44 -8.51872 5.4 0.00722963
  45 -7.91872 5 0.0066941
  46 -7.31872 2 0.00267764
  47 -6.71872 2.4 0.00321317
  48 -6.11872 3.4 0.00455199
  49 -5.51872 3.6 0.00481975
  50 -4.91872 3.8 0.00508752
  51 -4.31872 7.2 0.0096395
  52 -3.71872 4 0.00535528
  53 -3.11872 2.6 0.00348093
  54 -2.51872 4.6 0.00615857
  55 -1.91872 3.8 0.00508752
  56 -1.31872 4.4 0.00589081
  57 -0.718716 0.6 0.000803292
  58 -0.118716 6.2 0.00830068
  59 0.481284 5.6 0.00749739
  60 1.08128 6.8 0.00910397
  61 1.68128 5.4 0.00722963
  62 2.28128 4.2 0.00562304
  63 2.88128 4.8 0.00642633
  64 3.48128 2.6 0.00348093
  65 4.08128 5.2 0.00696186
  66 4.68128 5.2 0.00696186
  67 5.28128 5.2 0.00696186
  68 5.88128 2 0.00267764
  69 6.48128 1.8 0.00240988
  70 7.08128 5 0.0066941
  71 7.68128 4.8 0.00642633
  72 8.28128 6 0.00803292
  73 8.88128 6.2 0.00830068
  74 9.48128 9 0.0120494
  75 10.0813 3 0.00401646
  76 10.6813 7 0.00937174
  77 11.2813 0.8 0.00107106
  78 11.8813 2.6 0.00348093
  79 12.4813 3.6 0.00481975
  80 13.0813 4.2 0.00562304
  81 13.6813 4.4 0.00589081
  82 14.2813 3.4 0.00455199
  83 14.8813 3.4 0.00455199
  84 15.4813 7.2 0.0096395
  85 16.0813 2.4 0.00321317
  86 16.6813 4.2 0.00562304
  87 17.2813 7.2 0.0096395
  88 17.8813 3.8 0.00508752
  89 18.4813 7.8 0.0104428
  90 19.0813 2.2 0.0029454
  91 19.6813 3.8 0.00508752
  92 20.2813 5.4 0.00722963
  93 20.8813 4.4 0.00589081
  94 21.4813 5.6 0.00749739
  95 22.0813 5.2 0.00696186
  96 22.6813 2 0.00267764
  97 23.2813 5.6 0.00749739
  98 23.8813 4.4 0.00589081
  99 24.4813 2.2 0.0029454
  100 25.0813 3.2 0.00428422
  101 25.6813 4 0.00535528
  102 26.2813 4.6 0.00615857
  103 26.8813 1.2 0.00160658
  104 27.4813 0 0
  105 28.0813 0 0
  106 28.6813 0 0
  107 29.2813 0 0
  108 29.8813 0 0
  109 30.4813 0 0
  110 31.0813 0 0
  111 31.6813 0 0
  112 32.2813 0 0
  113 32.8813 0 0
  114 33.4813 0 0
  115 34.0813 0 0
  116 34.6813 0 0
