# Chunk-averaged data for fix DENSITYFIXOH and group file
# Timestep Number-of-chunks Total-count
# Chunk Coord1 Ncount density/number
6000000 116 330
  1 -34.3187 0 0
  2 -33.7187 0 0
  3 -33.1187 0 0
  4 -32.5187 0 0
  5 -31.9187 0 0
  6 -31.3187 0 0
  7 -30.7187 0 0
  8 -30.1187 0 0
  9 -29.5187 0 0
  10 -28.9187 0 0
  11 -28.3187 0 0
  12 -27.7187 0 0
  13 -27.1187 0 0
  14 -26.5187 0 0
  15 -25.9187 0.6 0.000803292
  16 -25.3187 0.8 0.00107106
  17 -24.7187 2 0.00267764
  18 -24.1187 0.6 0.000803292
  19 -23.5187 0 0
  20 -22.9187 0.6 0.000803292
  21 -22.3187 4 0.00535528
  22 -21.7187 2.2 0.0029454
  23 -21.1187 2.2 0.0029454
  24 -20.5187 0.6 0.000803292
  25 -19.9187 1.6 0.00214211
  26 -19.3187 2 0.00267764
  27 -18.7187 1.8 0.00240988
  28 -18.1187 1.2 0.00160658
  29 -17.5187 1.8 0.00240988
  30 -16.9187 1.8 0.00240988
  31 -16.3187 2.8 0.0037487
  32 -15.7187 2.6 0.00348093
  33 -15.1187 0.8 0.00107106
  34 -14.5187 1.8 0.00240988
  35 -13.9187 3 0.00401646
  36 -13.3187 2.2 0.0029454
  37 -12.7187 3.2 0.00428422
  38 -12.1187 2 0.00267764
  39 -11.5187 3.2 0.00428422
  40 -10.9187 6.4 0.00856845
  41 -10.3187 3 0.00401646
  42 -9.71872 4.4 0.00589081
  43 -9.11872 5.2 0.00696186
  44 -8.51872 7.4 0.00990727
  45 -7.91872 3.4 0.00455199
  46 -7.31872 6.4 0.00856845
  47 -6.71872 5.6 0.00749739
  48 -6.11872 3 0.00401646
  49 -5.51872 4 0.00535528
  50 -4.91872 3.2 0.00428422
  51 -4.31872 4.2 0.00562304
  52 -3.71872 3.6 0.00481975
  53 -3.11872 7.2 0.0096395
  54 -2.51872 4 0.00535528
  55 -1.91872 5.2 0.00696186
  56 -1.31872 5.2 0.00696186
  57 -0.718716 5 0.0066941
  58 -0.118716 4.6 0.00615857
  59 0.481284 3.8 0.00508752
  60 1.08128 3.8 0.00508752
  61 1.68128 5.6 0.00749739
  62 2.28128 1.6 0.00214211
  63 2.88128 5.4 0.00722963
  64 3.48128 5.6 0.00749739
  65 4.08128 3.2 0.00428422
  66 4.68128 4.2 0.00562304
  67 5.28128 2.8 0.0037487
  68 5.88128 3.4 0.00455199
  69 6.48128 7.2 0.0096395
  70 7.08128 5.4 0.00722963
  71 7.68128 5.6 0.00749739
  72 8.28128 3.4 0.00455199
  73 8.88128 2.8 0.0037487
  74 9.48128 5.8 0.00776515
  75 10.0813 3.8 0.00508752
  76 10.6813 4 0.00535528
  77 11.2813 3.4 0.00455199
  78 11.8813 3.8 0.00508752
  79 12.4813 6 0.00803292
  80 13.0813 5 0.0066941
  81 13.6813 2.8 0.0037487
  82 14.2813 6 0.00803292
  83 14.8813 3.6 0.00481975
  84 15.4813 4.8 0.00642633
  85 16.0813 4.2 0.00562304
  86 16.6813 8 0.0107106
  87 17.2813 3.4 0.00455199
  88 17.8813 2.8 0.0037487
  89 18.4813 4.4 0.00589081
  90 19.0813 5.6 0.00749739
  91 19.6813 2.4 0.00321317
  92 20.2813 5.2 0.00696186
  93 20.8813 6.4 0.00856845
  94 21.4813 6 0.00803292
  95 22.0813 5.6 0.00749739
  96 22.6813 1.6 0.00214211
  97 23.2813 5.8 0.00776515
  98 23.8813 2.2 0.0029454
  99 24.4813 4.2 0.00562304
  100 25.0813 7.2 0.0096395
  101 25.6813 4.2 0.00562304
  102 26.2813 0.6 0.000803292
  103 26.8813 1 0.00133882
  104 27.4813 0 0
  105 28.0813 0 0
  106 28.6813 0 0
  107 29.2813 0 0
  108 29.8813 0 0
  109 30.4813 0 0
  110 31.0813 0 0
  111 31.6813 0 0
  112 32.2813 0 0
  113 32.8813 0 0
  114 33.4813 0 0
  115 34.0813 0 0
  116 34.6813 0 0
