# Chunk-averaged data for fix DENSITYFIXwater and group file
# Timestep Number-of-chunks Total-count
# Chunk Coord1 Ncount density/number
6000000 116 1980
  1 -34.3187 0 0
  2 -33.7187 0 0
  3 -33.1187 0 0
  4 -32.5187 0 0
  5 -31.9187 0 0
  6 -31.3187 0 0
  7 -30.7187 0 0
  8 -30.1187 0 0
  9 -29.5187 0 0
  10 -28.9187 0 0
  11 -28.3187 0 0
  12 -27.7187 12 0.0160658
  13 -27.1187 18.6 0.024902
  14 -26.5187 7.2 0.0096395
  15 -25.9187 6.6 0.00883621
  16 -25.3187 6 0.00803292
  17 -24.7187 13 0.0174047
  18 -24.1187 12 0.0160658
  19 -23.5187 10.2 0.013656
  20 -22.9187 8.8 0.0117816
  21 -22.3187 11.4 0.0152625
  22 -21.7187 8.8 0.0117816
  23 -21.1187 16.2 0.0216889
  24 -20.5187 9.6 0.0128527
  25 -19.9187 10 0.0133882
  26 -19.3187 11.4 0.0152625
  27 -18.7187 13.4 0.0179402
  28 -18.1187 17.2 0.0230277
  29 -17.5187 18 0.0240988
  30 -16.9187 23 0.0307929
  31 -16.3187 18.2 0.0243665
  32 -15.7187 19 0.0254376
  33 -15.1187 29.2 0.0390935
  34 -14.5187 23 0.0307929
  35 -13.9187 22.4 0.0299896
  36 -13.3187 26.8 0.0358804
  37 -12.7187 20.6 0.0275797
  38 -12.1187 27.6 0.0369514
  39 -11.5187 16.8 0.0224922
  40 -10.9187 23.4 0.0313284
  41 -10.3187 24.8 0.0332027
  42 -9.71872 26 0.0348093
  43 -9.11872 22.2 0.0297218
  44 -8.51872 22.8 0.0305251
  45 -7.91872 20.8 0.0278475
  46 -7.31872 21.8 0.0291863
  47 -6.71872 26 0.0348093
  48 -6.11872 26.6 0.0356126
  49 -5.51872 18.8 0.0251698
  50 -4.91872 23.6 0.0315961
  51 -4.31872 22.6 0.0302573
  52 -3.71872 23.8 0.0318639
  53 -3.11872 23 0.0307929
  54 -2.51872 23 0.0307929
  55 -1.91872 18.6 0.024902
  56 -1.31872 26.8 0.0358804
  57 -0.718716 24.8 0.0332027
  58 -0.118716 14.2 0.0190112
  59 0.481284 24.2 0.0323994
  60 1.08128 20.4 0.0273119
  61 1.68128 27.2 0.0364159
  62 2.28128 24.2 0.0323994
  63 2.88128 23.4 0.0313284
  64 3.48128 24 0.0321317
  65 4.08128 20.6 0.0275797
  66 4.68128 19.8 0.0265086
  67 5.28128 25.2 0.0337383
  68 5.88128 24.4 0.0326672
  69 6.48128 24.8 0.0332027
  70 7.08128 18.4 0.0246343
  71 7.68128 21.8 0.0291863
  72 8.28128 25.2 0.0337383
  73 8.88128 22.6 0.0302573
  74 9.48128 24 0.0321317
  75 10.0813 21.6 0.0289185
  76 10.6813 23.4 0.0313284
  77 11.2813 24.8 0.0332027
  78 11.8813 18.4 0.0246343
  79 12.4813 24 0.0321317
  80 13.0813 22.4 0.0299896
  81 13.6813 25 0.0334705
  82 14.2813 23 0.0307929
  83 14.8813 20.8 0.0278475
  84 15.4813 21.2 0.028383
  85 16.0813 26.2 0.0350771
  86 16.6813 21.8 0.0291863
  87 17.2813 24.8 0.0332027
  88 17.8813 20.4 0.0273119
  89 18.4813 24.6 0.032935
  90 19.0813 20.8 0.0278475
  91 19.6813 21.8 0.0291863
  92 20.2813 23.2 0.0310606
  93 20.8813 22 0.029454
  94 21.4813 25.6 0.0342738
  95 22.0813 22.2 0.0297218
  96 22.6813 20.8 0.0278475
  97 23.2813 22.4 0.0299896
  98 23.8813 23.6 0.0315961
  99 24.4813 31.8 0.0425745
  100 25.0813 23.2 0.0310606
  101 25.6813 13.8 0.0184757
  102 26.2813 16 0.0214211
  103 26.8813 33 0.0441811
  104 27.4813 67.4 0.0902365
  105 28.0813 8.2 0.0109783
  106 28.6813 0 0
  107 29.2813 0 0
  108 29.8813 0 0
  109 30.4813 0 0
  110 31.0813 0 0
  111 31.6813 0 0
  112 32.2813 1 0.00133882
  113 32.8813 0 0
  114 33.4813 0 0
  115 34.0813 0 0
  116 34.6813 0 0
7000000 116 1980
  1 -34.3187 0 0
  2 -33.7187 0 0
  3 -33.1187 0 0
  4 -32.5187 0 0
  5 -31.9187 0 0
  6 -31.3187 0 0
  7 -30.7187 0 0
  8 -30.1187 0 0
  9 -29.5187 0 0
  10 -28.9187 0 0
  11 -28.3187 0 0
  12 -27.7187 10.4 0.0139237
  13 -27.1187 15.6 0.0208856
  14 -26.5187 9.4 0.0125849
  15 -25.9187 6.2 0.00830068
  16 -25.3187 6.2 0.00830068
  17 -24.7187 9.2 0.0123171
  18 -24.1187 10.8 0.0144593
  19 -23.5187 13.4 0.0179402
  20 -22.9187 7.4 0.00990727
  21 -22.3187 12.8 0.0171369
  22 -21.7187 12.2 0.0163336
  23 -21.1187 11.6 0.0155303
  24 -20.5187 14.4 0.019279
  25 -19.9187 12.6 0.0168691
  26 -19.3187 14.8 0.0198145
  27 -18.7187 19.2 0.0257053
  28 -18.1187 12.6 0.0168691
  29 -17.5187 16 0.0214211
  30 -16.9187 19.6 0.0262409
  31 -16.3187 22 0.029454
  32 -15.7187 21.6 0.0289185
  33 -15.1187 19.4 0.0259731
  34 -14.5187 24.2 0.0323994
  35 -13.9187 20.4 0.0273119
  36 -13.3187 27.8 0.0372192
  37 -12.7187 19.4 0.0259731
  38 -12.1187 28 0.037487
  39 -11.5187 21.8 0.0291863
  40 -10.9187 21 0.0281152
  41 -10.3187 22.2 0.0297218
  42 -9.71872 18.2 0.0243665
  43 -9.11872 25.4 0.034006
  44 -8.51872 23.2 0.0310606
  45 -7.91872 24.4 0.0326672
  46 -7.31872 23.6 0.0315961
  47 -6.71872 23.8 0.0318639
  48 -6.11872 25.8 0.0345415
  49 -5.51872 24.6 0.032935
  50 -4.91872 22.6 0.0302573
  51 -4.31872 23 0.0307929
  52 -3.71872 22.6 0.0302573
  53 -3.11872 22.2 0.0297218
  54 -2.51872 21.2 0.028383
  55 -1.91872 25.8 0.0345415
  56 -1.31872 22.6 0.0302573
  57 -0.718716 21.6 0.0289185
  58 -0.118716 21 0.0281152
  59 0.481284 25.6 0.0342738
  60 1.08128 24.8 0.0332027
  61 1.68128 19 0.0254376
  62 2.28128 19.6 0.0262409
  63 2.88128 23.4 0.0313284
  64 3.48128 28.4 0.0380225
  65 4.08128 17.2 0.0230277
  66 4.68128 17.4 0.0232955
  67 5.28128 25.2 0.0337383
  68 5.88128 27.6 0.0369514
  69 6.48128 25.8 0.0345415
  70 7.08128 19.4 0.0259731
  71 7.68128 23.2 0.0310606
  72 8.28128 24 0.0321317
  73 8.88128 19.8 0.0265086
  74 9.48128 20.8 0.0278475
  75 10.0813 22.4 0.0299896
  76 10.6813 25.6 0.0342738
  77 11.2813 24.6 0.032935
  78 11.8813 24.2 0.0323994
  79 12.4813 21.2 0.028383
  80 13.0813 22 0.029454
  81 13.6813 24.2 0.0323994
  82 14.2813 25.2 0.0337383
  83 14.8813 18.2 0.0243665
  84 15.4813 24.2 0.0323994
  85 16.0813 24.6 0.032935
  86 16.6813 20.8 0.0278475
  87 17.2813 24.4 0.0326672
  88 17.8813 23.4 0.0313284
  89 18.4813 23.8 0.0318639
  90 19.0813 20.8 0.0278475
  91 19.6813 25.4 0.034006
  92 20.2813 18.2 0.0243665
  93 20.8813 22.8 0.0305251
  94 21.4813 25 0.0334705
  95 22.0813 26.4 0.0353448
  96 22.6813 19.4 0.0259731
  97 23.2813 17 0.0227599
  98 23.8813 22.2 0.0297218
  99 24.4813 39.4 0.0527495
  100 25.0813 19 0.0254376
  101 25.6813 6.4 0.00856845
  102 26.2813 15.6 0.0208856
  103 26.8813 36.4 0.048733
  104 27.4813 71.8 0.0961273
  105 28.0813 9.4 0.0125849
  106 28.6813 0 0
  107 29.2813 0 0
  108 29.8813 0 0
  109 30.4813 0 0
  110 31.0813 0 0
  111 31.6813 0 0
  112 32.2813 1 0.00133882
  113 32.8813 0 0
  114 33.4813 0 0
  115 34.0813 0 0
  116 34.6813 0 0
