# Chunk-averaged data for fix DENSITYFIXwater and group file
# Timestep Number-of-chunks Total-count
# Chunk Coord1 Ncount density/number
6000000 116 1980
  1 -34.3187 0 0
  2 -33.7187 0 0
  3 -33.1187 0 0
  4 -32.5187 0 0
  5 -31.9187 0 0
  6 -31.3187 0 0
  7 -30.7187 0 0
  8 -30.1187 0 0
  9 -29.5187 0 0
  10 -28.9187 0 0
  11 -28.3187 0 0
  12 -27.7187 13.4 0.0179402
  13 -27.1187 17 0.0227599
  14 -26.5187 10.4 0.0139237
  15 -25.9187 9.2 0.0123171
  16 -25.3187 7.8 0.0104428
  17 -24.7187 8 0.0107106
  18 -24.1187 13 0.0174047
  19 -23.5187 9.2 0.0123171
  20 -22.9187 12.6 0.0168691
  21 -22.3187 10.6 0.0141915
  22 -21.7187 9.4 0.0125849
  23 -21.1187 11 0.014727
  24 -20.5187 10.6 0.0141915
  25 -19.9187 12.6 0.0168691
  26 -19.3187 14 0.0187435
  27 -18.7187 13.4 0.0179402
  28 -18.1187 10.6 0.0141915
  29 -17.5187 21.2 0.028383
  30 -16.9187 21 0.0281152
  31 -16.3187 18.2 0.0243665
  32 -15.7187 26.4 0.0353448
  33 -15.1187 26 0.0348093
  34 -14.5187 22.4 0.0299896
  35 -13.9187 17.8 0.023831
  36 -13.3187 29 0.0388258
  37 -12.7187 24.6 0.032935
  38 -12.1187 19.8 0.0265086
  39 -11.5187 26.8 0.0358804
  40 -10.9187 22.6 0.0302573
  41 -10.3187 21.8 0.0291863
  42 -9.71872 19.6 0.0262409
  43 -9.11872 24.2 0.0323994
  44 -8.51872 23 0.0307929
  45 -7.91872 19.2 0.0257053
  46 -7.31872 25.6 0.0342738
  47 -6.71872 18.4 0.0246343
  48 -6.11872 25.8 0.0345415
  49 -5.51872 22.8 0.0305251
  50 -4.91872 19.4 0.0259731
  51 -4.31872 19 0.0254376
  52 -3.71872 25.8 0.0345415
  53 -3.11872 24.8 0.0332027
  54 -2.51872 24 0.0321317
  55 -1.91872 23.4 0.0313284
  56 -1.31872 20.6 0.0275797
  57 -0.718716 17.6 0.0235632
  58 -0.118716 27.6 0.0369514
  59 0.481284 22.4 0.0299896
  60 1.08128 23.2 0.0310606
  61 1.68128 21.8 0.0291863
  62 2.28128 28 0.037487
  63 2.88128 20 0.0267764
  64 3.48128 24.8 0.0332027
  65 4.08128 24.8 0.0332027
  66 4.68128 19 0.0254376
  67 5.28128 21 0.0281152
  68 5.88128 26.4 0.0353448
  69 6.48128 20.6 0.0275797
  70 7.08128 25.2 0.0337383
  71 7.68128 19.4 0.0259731
  72 8.28128 26 0.0348093
  73 8.88128 20 0.0267764
  74 9.48128 22.6 0.0302573
  75 10.0813 21.4 0.0286507
  76 10.6813 27.8 0.0372192
  77 11.2813 20 0.0267764
  78 11.8813 22 0.029454
  79 12.4813 20.8 0.0278475
  80 13.0813 26 0.0348093
  81 13.6813 25.6 0.0342738
  82 14.2813 18 0.0240988
  83 14.8813 21 0.0281152
  84 15.4813 25.2 0.0337383
  85 16.0813 25.4 0.034006
  86 16.6813 24.4 0.0326672
  87 17.2813 17.4 0.0232955
  88 17.8813 26.6 0.0356126
  89 18.4813 27.6 0.0369514
  90 19.0813 19.8 0.0265086
  91 19.6813 17.4 0.0232955
  92 20.2813 24.2 0.0323994
  93 20.8813 22.2 0.0297218
  94 21.4813 26.2 0.0350771
  95 22.0813 23.4 0.0313284
  96 22.6813 23.6 0.0315961
  97 23.2813 15.6 0.0208856
  98 23.8813 23 0.0307929
  99 24.4813 32 0.0428422
  100 25.0813 22.8 0.0305251
  101 25.6813 16 0.0214211
  102 26.2813 7.8 0.0104428
  103 26.8813 30.6 0.0409679
  104 27.4813 77.8 0.10416
  105 28.0813 11 0.014727
  106 28.6813 0 0
  107 29.2813 0 0
  108 29.8813 0 0
  109 30.4813 0 0
  110 31.0813 0 0
  111 31.6813 0 0
  112 32.2813 1 0.00133882
  113 32.8813 0 0
  114 33.4813 0 0
  115 34.0813 0 0
  116 34.6813 0 0
7000000 116 1980
  1 -34.3187 0 0
  2 -33.7187 0 0
  3 -33.1187 0 0
  4 -32.5187 0 0
  5 -31.9187 0 0
  6 -31.3187 0 0
  7 -30.7187 0 0
  8 -30.1187 0 0
  9 -29.5187 0 0
  10 -28.9187 0 0
  11 -28.3187 0.2 0.000267764
  12 -27.7187 17.8 0.023831
  13 -27.1187 15.4 0.0206178
  14 -26.5187 8.6 0.0115138
  15 -25.9187 7.4 0.00990727
  16 -25.3187 8 0.0107106
  17 -24.7187 10.6 0.0141915
  18 -24.1187 12.2 0.0163336
  19 -23.5187 10 0.0133882
  20 -22.9187 9 0.0120494
  21 -22.3187 9.4 0.0125849
  22 -21.7187 13.8 0.0184757
  23 -21.1187 14.6 0.0195468
  24 -20.5187 7.4 0.00990727
  25 -19.9187 11.8 0.0157981
  26 -19.3187 11.6 0.0155303
  27 -18.7187 20.6 0.0275797
  28 -18.1187 15.2 0.0203501
  29 -17.5187 15.6 0.0208856
  30 -16.9187 13.2 0.0176724
  31 -16.3187 20.2 0.0270442
  32 -15.7187 20.4 0.0273119
  33 -15.1187 18.8 0.0251698
  34 -14.5187 26.4 0.0353448
  35 -13.9187 22.8 0.0305251
  36 -13.3187 21 0.0281152
  37 -12.7187 25.4 0.034006
  38 -12.1187 22.8 0.0305251
  39 -11.5187 19 0.0254376
  40 -10.9187 30.4 0.0407001
  41 -10.3187 18.2 0.0243665
  42 -9.71872 25 0.0334705
  43 -9.11872 20 0.0267764
  44 -8.51872 23.8 0.0318639
  45 -7.91872 26.4 0.0353448
  46 -7.31872 23.6 0.0315961
  47 -6.71872 17.6 0.0235632
  48 -6.11872 25.6 0.0342738
  49 -5.51872 20.6 0.0275797
  50 -4.91872 25.2 0.0337383
  51 -4.31872 20.2 0.0270442
  52 -3.71872 22.4 0.0299896
  53 -3.11872 22.6 0.0302573
  54 -2.51872 27 0.0361481
  55 -1.91872 20.6 0.0275797
  56 -1.31872 18.4 0.0246343
  57 -0.718716 27.8 0.0372192
  58 -0.118716 22.6 0.0302573
  59 0.481284 27 0.0361481
  60 1.08128 20 0.0267764
  61 1.68128 18.8 0.0251698
  62 2.28128 24.8 0.0332027
  63 2.88128 22 0.029454
  64 3.48128 21.6 0.0289185
  65 4.08128 21.8 0.0291863
  66 4.68128 23.4 0.0313284
  67 5.28128 19.6 0.0262409
  68 5.88128 21 0.0281152
  69 6.48128 23.4 0.0313284
  70 7.08128 22.4 0.0299896
  71 7.68128 29 0.0388258
  72 8.28128 20.2 0.0270442
  73 8.88128 23.2 0.0310606
  74 9.48128 22.2 0.0297218
  75 10.0813 21.8 0.0291863
  76 10.6813 32.4 0.0433778
  77 11.2813 27.2 0.0364159
  78 11.8813 18 0.0240988
  79 12.4813 20 0.0267764
  80 13.0813 21.4 0.0286507
  81 13.6813 25.4 0.034006
  82 14.2813 28.2 0.0377547
  83 14.8813 19.8 0.0265086
  84 15.4813 24.2 0.0323994
  85 16.0813 25.2 0.0337383
  86 16.6813 16.4 0.0219566
  87 17.2813 26.2 0.0350771
  88 17.8813 26.8 0.0358804
  89 18.4813 18 0.0240988
  90 19.0813 23.4 0.0313284
  91 19.6813 21.2 0.028383
  92 20.2813 22.8 0.0305251
  93 20.8813 24.8 0.0332027
  94 21.4813 23.6 0.0315961
  95 22.0813 25 0.0334705
  96 22.6813 15.2 0.0203501
  97 23.2813 19.6 0.0262409
  98 23.8813 32.6 0.0436455
  99 24.4813 27.6 0.0369514
  100 25.0813 23.8 0.0318639
  101 25.6813 11.2 0.0149948
  102 26.2813 14.6 0.0195468
  103 26.8813 35.2 0.0471265
  104 27.4813 70.4 0.0942529
  105 28.0813 9.4 0.0125849
  106 28.6813 0 0
  107 29.2813 0 0
  108 29.8813 0 0
  109 30.4813 0 0
  110 31.0813 0 0
  111 31.6813 0 0
  112 32.2813 1 0.00133882
  113 32.8813 0 0
  114 33.4813 0 0
  115 34.0813 0 0
  116 34.6813 0 0
