# Chunk-averaged data for fix DENSITYFIXwater and group file
# Timestep Number-of-chunks Total-count
# Chunk Coord1 Ncount density/number
6000000 116 1980
  1 -34.3187 0 0
  2 -33.7187 0 0
  3 -33.1187 0 0
  4 -32.5187 0 0
  5 -31.9187 0 0
  6 -31.3187 0 0
  7 -30.7187 0 0
  8 -30.1187 0 0
  9 -29.5187 0 0
  10 -28.9187 0 0
  11 -28.3187 0.2 0.000267764
  12 -27.7187 17.6 0.0235632
  13 -27.1187 18.4 0.0246343
  14 -26.5187 12.8 0.0171369
  15 -25.9187 4.8 0.00642633
  16 -25.3187 7.2 0.0096395
  17 -24.7187 12.2 0.0163336
  18 -24.1187 12.4 0.0166014
  19 -23.5187 11.4 0.0152625
  20 -22.9187 9.2 0.0123171
  21 -22.3187 12.8 0.0171369
  22 -21.7187 6.6 0.00883621
  23 -21.1187 11 0.014727
  24 -20.5187 10.8 0.0144593
  25 -19.9187 10 0.0133882
  26 -19.3187 19.6 0.0262409
  27 -18.7187 16.4 0.0219566
  28 -18.1187 11.2 0.0149948
  29 -17.5187 13.6 0.0182079
  30 -16.9187 18.8 0.0251698
  31 -16.3187 14.2 0.0190112
  32 -15.7187 20.2 0.0270442
  33 -15.1187 20.6 0.0275797
  34 -14.5187 24.4 0.0326672
  35 -13.9187 25.4 0.034006
  36 -13.3187 23 0.0307929
  37 -12.7187 20.8 0.0278475
  38 -12.1187 25 0.0334705
  39 -11.5187 23.4 0.0313284
  40 -10.9187 28.6 0.0382902
  41 -10.3187 21.6 0.0289185
  42 -9.71872 24.4 0.0326672
  43 -9.11872 19.8 0.0265086
  44 -8.51872 20.8 0.0278475
  45 -7.91872 28.8 0.038558
  46 -7.31872 21.6 0.0289185
  47 -6.71872 21 0.0281152
  48 -6.11872 20.2 0.0270442
  49 -5.51872 23.4 0.0313284
  50 -4.91872 24.2 0.0323994
  51 -4.31872 24 0.0321317
  52 -3.71872 19.4 0.0259731
  53 -3.11872 20.6 0.0275797
  54 -2.51872 24.6 0.032935
  55 -1.91872 24.6 0.032935
  56 -1.31872 24.4 0.0326672
  57 -0.718716 18.4 0.0246343
  58 -0.118716 22.2 0.0297218
  59 0.481284 26 0.0348093
  60 1.08128 24.4 0.0326672
  61 1.68128 24.6 0.032935
  62 2.28128 21.2 0.028383
  63 2.88128 21.4 0.0286507
  64 3.48128 25.4 0.034006
  65 4.08128 19.8 0.0265086
  66 4.68128 21.2 0.028383
  67 5.28128 29.2 0.0390935
  68 5.88128 21 0.0281152
  69 6.48128 23.2 0.0310606
  70 7.08128 20.6 0.0275797
  71 7.68128 22.8 0.0305251
  72 8.28128 26.8 0.0358804
  73 8.88128 22.4 0.0299896
  74 9.48128 19.2 0.0257053
  75 10.0813 23.6 0.0315961
  76 10.6813 21.4 0.0286507
  77 11.2813 21.6 0.0289185
  78 11.8813 25 0.0334705
  79 12.4813 27.4 0.0366837
  80 13.0813 18.4 0.0246343
  81 13.6813 25.8 0.0345415
  82 14.2813 24.8 0.0332027
  83 14.8813 18.2 0.0243665
  84 15.4813 22.8 0.0305251
  85 16.0813 24.4 0.0326672
  86 16.6813 29.2 0.0390935
  87 17.2813 16.6 0.0222244
  88 17.8813 20.6 0.0275797
  89 18.4813 25.8 0.0345415
  90 19.0813 27 0.0361481
  91 19.6813 19.8 0.0265086
  92 20.2813 21 0.0281152
  93 20.8813 21.2 0.028383
  94 21.4813 27.8 0.0372192
  95 22.0813 21 0.0281152
  96 22.6813 18.4 0.0246343
  97 23.2813 23.8 0.0318639
  98 23.8813 29.4 0.0393613
  99 24.4813 26.6 0.0356126
  100 25.0813 21.8 0.0291863
  101 25.6813 12.8 0.0171369
  102 26.2813 15.4 0.0206178
  103 26.8813 35 0.0468587
  104 27.4813 68.4 0.0915753
  105 28.0813 8.2 0.0109783
  106 28.6813 0 0
  107 29.2813 0 0
  108 29.8813 0 0
  109 30.4813 0 0
  110 31.0813 0 0
  111 31.6813 0 0
  112 32.2813 1 0.00133882
  113 32.8813 0 0
  114 33.4813 0 0
  115 34.0813 0 0
  116 34.6813 0 0
