# Chunk-averaged data for fix DENSITYFIXwater and group file
# Timestep Number-of-chunks Total-count
# Chunk Coord1 Ncount density/number
6000000 116 1980
  1 -34.3187 0 0
  2 -33.7187 0 0
  3 -33.1187 0 0
  4 -32.5187 0 0
  5 -31.9187 0 0
  6 -31.3187 0 0
  7 -30.7187 0 0
  8 -30.1187 0 0
  9 -29.5187 0 0
  10 -28.9187 0 0
  11 -28.3187 0 0
  12 -27.7187 18 0.0240988
  13 -27.1187 16 0.0214211
  14 -26.5187 6.4 0.00856845
  15 -25.9187 5.4 0.00722963
  16 -25.3187 7 0.00937174
  17 -24.7187 11.2 0.0149948
  18 -24.1187 9.2 0.0123171
  19 -23.5187 9.8 0.0131204
  20 -22.9187 5.6 0.00749739
  21 -22.3187 9.2 0.0123171
  22 -21.7187 10 0.0133882
  23 -21.1187 13 0.0174047
  24 -20.5187 12.2 0.0163336
  25 -19.9187 10.6 0.0141915
  26 -19.3187 14.8 0.0198145
  27 -18.7187 18 0.0240988
  28 -18.1187 17.2 0.0230277
  29 -17.5187 21.8 0.0291863
  30 -16.9187 19.2 0.0257053
  31 -16.3187 19.4 0.0259731
  32 -15.7187 24 0.0321317
  33 -15.1187 25.2 0.0337383
  34 -14.5187 21.2 0.028383
  35 -13.9187 21 0.0281152
  36 -13.3187 23.8 0.0318639
  37 -12.7187 22 0.029454
  38 -12.1187 27.8 0.0372192
  39 -11.5187 21.2 0.028383
  40 -10.9187 20 0.0267764
  41 -10.3187 22.8 0.0305251
  42 -9.71872 24.2 0.0323994
  43 -9.11872 26.6 0.0356126
  44 -8.51872 22.2 0.0297218
  45 -7.91872 20.2 0.0270442
  46 -7.31872 20.8 0.0278475
  47 -6.71872 25.2 0.0337383
  48 -6.11872 25.6 0.0342738
  49 -5.51872 21.8 0.0291863
  50 -4.91872 19.6 0.0262409
  51 -4.31872 29.6 0.0396291
  52 -3.71872 20.2 0.0270442
  53 -3.11872 24 0.0321317
  54 -2.51872 23 0.0307929
  55 -1.91872 17.8 0.023831
  56 -1.31872 23.4 0.0313284
  57 -0.718716 23.4 0.0313284
  58 -0.118716 21.8 0.0291863
  59 0.481284 23.2 0.0310606
  60 1.08128 20.2 0.0270442
  61 1.68128 25.2 0.0337383
  62 2.28128 26.2 0.0350771
  63 2.88128 19.2 0.0257053
  64 3.48128 19.2 0.0257053
  65 4.08128 26.6 0.0356126
  66 4.68128 21.2 0.028383
  67 5.28128 20.2 0.0270442
  68 5.88128 25.2 0.0337383
  69 6.48128 19.8 0.0265086
  70 7.08128 23.2 0.0310606
  71 7.68128 27 0.0361481
  72 8.28128 25.2 0.0337383
  73 8.88128 18.8 0.0251698
  74 9.48128 25.6 0.0342738
  75 10.0813 20.2 0.0270442
  76 10.6813 22.4 0.0299896
  77 11.2813 27.4 0.0366837
  78 11.8813 22.6 0.0302573
  79 12.4813 21.2 0.028383
  80 13.0813 22.4 0.0299896
  81 13.6813 24 0.0321317
  82 14.2813 28.4 0.0380225
  83 14.8813 21.2 0.028383
  84 15.4813 24.8 0.0332027
  85 16.0813 16 0.0214211
  86 16.6813 24.8 0.0332027
  87 17.2813 26.2 0.0350771
  88 17.8813 16.8 0.0224922
  89 18.4813 24 0.0321317
  90 19.0813 25.8 0.0345415
  91 19.6813 24 0.0321317
  92 20.2813 18.6 0.024902
  93 20.8813 17.4 0.0232955
  94 21.4813 30.6 0.0409679
  95 22.0813 27.4 0.0366837
  96 22.6813 15.8 0.0211534
  97 23.2813 20 0.0267764
  98 23.8813 23.6 0.0315961
  99 24.4813 31.8 0.0425745
  100 25.0813 25.8 0.0345415
  101 25.6813 9.6 0.0128527
  102 26.2813 13.2 0.0176724
  103 26.8813 31.4 0.0420389
  104 27.4813 76.8 0.102821
  105 28.0813 6.4 0.00856845
  106 28.6813 0 0
  107 29.2813 0 0
  108 29.8813 0 0
  109 30.4813 0 0
  110 31.0813 0 0
  111 31.6813 0 0
  112 32.2813 1 0.00133882
  113 32.8813 0 0
  114 33.4813 0 0
  115 34.0813 0 0
  116 34.6813 0 0
7000000 116 1980
  1 -34.3187 0 0
  2 -33.7187 0 0
  3 -33.1187 0 0
  4 -32.5187 0 0
  5 -31.9187 0 0
  6 -31.3187 0 0
  7 -30.7187 0 0
  8 -30.1187 0 0
  9 -29.5187 0 0
  10 -28.9187 0 0
  11 -28.3187 0.4 0.000535528
  12 -27.7187 15.4 0.0206178
  13 -27.1187 15.8 0.0211534
  14 -26.5187 10.8 0.0144593
  15 -25.9187 11.6 0.0155303
  16 -25.3187 6.4 0.00856845
  17 -24.7187 7 0.00937174
  18 -24.1187 9.8 0.0131204
  19 -23.5187 16.4 0.0219566
  20 -22.9187 11.6 0.0155303
  21 -22.3187 7.2 0.0096395
  22 -21.7187 9.8 0.0131204
  23 -21.1187 15.2 0.0203501
  24 -20.5187 13.4 0.0179402
  25 -19.9187 13.6 0.0182079
  26 -19.3187 10.8 0.0144593
  27 -18.7187 11.4 0.0152625
  28 -18.1187 14.8 0.0198145
  29 -17.5187 16 0.0214211
  30 -16.9187 17.2 0.0230277
  31 -16.3187 17.4 0.0232955
  32 -15.7187 21.4 0.0286507
  33 -15.1187 23.2 0.0310606
  34 -14.5187 21.4 0.0286507
  35 -13.9187 20 0.0267764
  36 -13.3187 17.4 0.0232955
  37 -12.7187 26 0.0348093
  38 -12.1187 25.4 0.034006
  39 -11.5187 30 0.0401646
  40 -10.9187 22.6 0.0302573
  41 -10.3187 20.2 0.0270442
  42 -9.71872 19.2 0.0257053
  43 -9.11872 24.8 0.0332027
  44 -8.51872 26 0.0348093
  45 -7.91872 23.2 0.0310606
  46 -7.31872 23.8 0.0318639
  47 -6.71872 21.6 0.0289185
  48 -6.11872 21.8 0.0291863
  49 -5.51872 25.4 0.034006
  50 -4.91872 20.4 0.0273119
  51 -4.31872 20.2 0.0270442
  52 -3.71872 24.8 0.0332027
  53 -3.11872 26.2 0.0350771
  54 -2.51872 16.8 0.0224922
  55 -1.91872 21.6 0.0289185
  56 -1.31872 22.4 0.0299896
  57 -0.718716 25.8 0.0345415
  58 -0.118716 27.4 0.0366837
  59 0.481284 19 0.0254376
  60 1.08128 21 0.0281152
  61 1.68128 20.8 0.0278475
  62 2.28128 26.6 0.0356126
  63 2.88128 21.2 0.028383
  64 3.48128 22.8 0.0305251
  65 4.08128 20.8 0.0278475
  66 4.68128 27.6 0.0369514
  67 5.28128 18.4 0.0246343
  68 5.88128 18.8 0.0251698
  69 6.48128 22.4 0.0299896
  70 7.08128 31.6 0.0423067
  71 7.68128 21.8 0.0291863
  72 8.28128 14.4 0.019279
  73 8.88128 27 0.0361481
  74 9.48128 23.8 0.0318639
  75 10.0813 22.2 0.0297218
  76 10.6813 19.4 0.0259731
  77 11.2813 27.2 0.0364159
  78 11.8813 26.4 0.0353448
  79 12.4813 18.6 0.024902
  80 13.0813 24.8 0.0332027
  81 13.6813 22.2 0.0297218
  82 14.2813 20.6 0.0275797
  83 14.8813 21.4 0.0286507
  84 15.4813 23.8 0.0318639
  85 16.0813 27.4 0.0366837
  86 16.6813 22.2 0.0297218
  87 17.2813 20.6 0.0275797
  88 17.8813 27.6 0.0369514
  89 18.4813 21.2 0.028383
  90 19.0813 24.6 0.032935
  91 19.6813 22.4 0.0299896
  92 20.2813 18.2 0.0243665
  93 20.8813 28.2 0.0377547
  94 21.4813 28.2 0.0377547
  95 22.0813 22.6 0.0302573
  96 22.6813 16.6 0.0222244
  97 23.2813 19.2 0.0257053
  98 23.8813 27.8 0.0372192
  99 24.4813 37.4 0.0500719
  100 25.0813 21.4 0.0286507
  101 25.6813 11.8 0.0157981
  102 26.2813 12.2 0.0163336
  103 26.8813 30.4 0.0407001
  104 27.4813 74.8 0.100144
  105 28.0813 8.6 0.0115138
  106 28.6813 0 0
  107 29.2813 0 0
  108 29.8813 0 0
  109 30.4813 0 0
  110 31.0813 0 0
  111 31.6813 0 0
  112 32.2813 1 0.00133882
  113 32.8813 0 0
  114 33.4813 0 0
  115 34.0813 0 0
  116 34.6813 0 0
